# List of O1 and O2 catalogue mergers
#
#  Name   |   Primary mass   +   -   |  Secondary mass  +   -  | Redshift (from the papers) +  -
"GW150914" 35.4  5  -3.4  29.8 3.3 -4.3 0.09 0.03 -0.04
"LVT151012" 23 18 -6   13 4 -5 0.2 0.09 -0.09
"GW151226"  14.2  8.3  -3.7  7.5  2.3  -2.3 0.09 0.03 -0.04
"GW170104"  31.2  8.3  -6.0   19.4  5.3  -5.9 0.18 0.08 -0.07
"GW170608"  12  7  -2  7  2 -2 0.07 0.03 -0.03
"GW170814"  30.5  5.7 -3  25.3  2.8 -4.2 0.11 0.03 -0.04
"GW151012"  23 18 -6 13 4 -5
"GW170729"  50.0 16.6 -10.2  34.3  9.1 -10.1
"GW170809"  35.2 8.3 -6  23.8  5.2 -5.1
"GW170818"  35.5  7.5 -4.7  26.8 4.3 -5.2
"GW170823"  39.6 10 -6.6  29.4  6.3 -7.1