# Source frame chirp (Msol) | LIGO equal mass horizon (redshift)
8.705505632961241e-01 3.030303030303030e-02
7.896509149898176e+00 1.515151515151515e-01
1.492246773650023e+01 2.303030303030303e-01
2.194842632310228e+01 3.090909090909091e-01
2.897438490970433e+01 3.696969696969697e-01
3.600034349630639e+01 4.303030303030303e-01
4.302630208290842e+01 4.666666666666667e-01
5.005226066951047e+01 4.969696969696970e-01
5.707821925611253e+01 5.212121212121212e-01
6.410417784271459e+01 5.393939393939394e-01
7.113013642931664e+01 5.636363636363636e-01
7.815609501591868e+01 5.696969696969697e-01
8.518205360252072e+01 5.818181818181818e-01
9.220801218912278e+01 5.818181818181818e-01
9.923397077572484e+01 5.818181818181818e-01
1.062599293623269e+02 5.818181818181818e-01
1.132858879489289e+02 5.696969696969697e-01
1.203118465355310e+02 5.515151515151515e-01
1.273378051221330e+02 5.333333333333333e-01
1.343637637087351e+02 5.272727272727272e-01
1.413897222953371e+02 5.212121212121212e-01
1.484156808819392e+02 5.090909090909090e-01
1.554416394685412e+02 4.969696969696970e-01
1.624675980551433e+02 4.787878787878788e-01
1.694935566417453e+02 4.666666666666667e-01
1.765195152283474e+02 4.424242424242424e-01
1.835454738149494e+02 4.181818181818182e-01
1.905714324015515e+02 4.000000000000000e-01
1.975973909881535e+02 3.818181818181818e-01
2.046233495747556e+02 3.575757575757576e-01
2.116493081613576e+02 3.393939393939394e-01
2.186752667479597e+02 3.272727272727273e-01
2.257012253345618e+02 3.212121212121212e-01
2.327271839211637e+02 3.090909090909091e-01
2.397531425077659e+02 3.030303030303030e-01
2.467791010943679e+02 2.909090909090909e-01
2.538050596809699e+02 2.848484848484849e-01
2.608310182675720e+02 2.787878787878788e-01
2.678569768541740e+02 2.727272727272727e-01
2.748829354407761e+02 2.666666666666667e-01
2.819088940273782e+02 2.545454545454545e-01
2.889348526139802e+02 2.484848484848485e-01
2.959608112005823e+02 2.424242424242424e-01
3.029867697871843e+02 2.303030303030303e-01
3.100127283737863e+02 2.181818181818182e-01
3.170386869603884e+02 2.121212121212121e-01
3.240646455469905e+02 2.000000000000000e-01
3.310906041335925e+02 1.939393939393939e-01
3.381165627201946e+02 1.818181818181818e-01
3.451425213067965e+02 1.757575757575758e-01
3.521684798933986e+02 1.636363636363636e-01
3.591944384800007e+02 1.575757575757576e-01
3.662203970666027e+02 1.515151515151515e-01
3.732463556532048e+02 1.393939393939394e-01
3.802723142398068e+02 1.333333333333333e-01
3.872982728264089e+02 1.272727272727273e-01
3.943242314130109e+02 1.212121212121212e-01
4.013501899996130e+02 1.151515151515152e-01
4.083761485862150e+02 1.090909090909091e-01
4.154021071728171e+02 1.030303030303030e-01
4.224280657594191e+02 9.696969696969697e-02
4.294540243460212e+02 9.090909090909091e-02
4.364799829326232e+02 8.484848484848485e-02
4.435059415192253e+02 7.878787878787878e-02
4.505319001058273e+02 7.272727272727272e-02
4.575578586924294e+02 7.272727272727272e-02
4.645838172790314e+02 6.666666666666667e-02
4.716097758656335e+02 6.060606060606061e-02
4.786357344522355e+02 6.060606060606061e-02
4.856616930388375e+02 5.454545454545454e-02
4.926876516254395e+02 5.454545454545454e-02
4.997136102120417e+02 4.848484848484848e-02
5.067395687986437e+02 4.848484848484848e-02
5.137655273852457e+02 4.242424242424243e-02
5.207914859718478e+02 4.242424242424243e-02
5.278174445584499e+02 3.636363636363636e-02
5.348434031450519e+02 3.636363636363636e-02
5.418693617316540e+02 3.636363636363636e-02
5.488953203182560e+02 3.030303030303030e-02
5.559212789048581e+02 3.030303030303030e-02
5.629472374914601e+02 3.030303030303030e-02
5.699731960780622e+02 3.030303030303030e-02
5.769991546646643e+02 3.030303030303030e-02
5.840251132512662e+02 2.424242424242424e-02
5.910510718378684e+02 2.424242424242424e-02
5.980770304244704e+02 2.424242424242424e-02
6.051029890110724e+02 2.424242424242424e-02
6.121289475976745e+02 2.424242424242424e-02
6.191549061842765e+02 1.818181818181818e-02
6.261808647708785e+02 1.818181818181818e-02
6.332068233574807e+02 1.818181818181818e-02
6.402327819440826e+02 1.818181818181818e-02
6.472587405306849e+02 1.818181818181818e-02
6.542846991172868e+02 1.818181818181818e-02
6.613106577038889e+02 1.212121212121212e-02
6.683366162904908e+02 1.212121212121212e-02
6.753625748770929e+02 1.212121212121212e-02
6.823885334636949e+02 1.212121212121212e-02
6.894144920502970e+02 1.212121212121212e-02
6.964404506368991e+02 1.212121212121212e-02
